178.619870 31.000000 55.323474 
97.180242 1463.000000 48.495218 
179.760217 36.000000 47.424022 
151.229939 225.000000 39.225533 
104.357580 610.000000 74.254116 
79.190411 1175.000000 156.843891 
105.342284 1003.000000 22.428209 
190.252505 156.000000 63.752743 
133.358996 780.000000 49.696322 
113.260591 1282.000000 121.316006 
101.093099 1251.000000 14.320312 
169.103682 139.000000 41.796799 
169.932807 169.000000 52.164645 
92.824505 1491.000000 128.595446 
126.559866 1423.000000 124.565020 
160.465992 37.000000 49.502372 
108.405050 2316.000000 131.803013 
71.721940 1187.000000 58.465545 
165.517533 105.000000 66.866604 
147.477456 1147.000000 94.595267 
92.698021 1569.000000 106.543467 
169.014345 700.000000 81.051642 
161.779756 287.000000 71.564947 
102.255359 1447.000000 74.980766 
174.973745 19.000000 56.475448 
102.648944 1154.000000 131.658181 
79.012106 1064.000000 149.438289 
93.677478 839.000000 156.219857 
137.384993 507.000000 63.208008 
163.446966 38.000000 54.815466 
124.565325 478.000000 25.489576 
183.539790 18.000000 51.260307 
104.478865 629.000000 73.120671 
86.009547 1377.000000 91.933676 
168.129766 79.000000 60.648419 
81.729213 1474.000000 150.884290 
171.425969 40.000000 60.135157 
78.832812 1118.000000 32.530358 
88.565225 1298.000000 115.717988 
85.036013 1226.000000 50.407620 
85.947106 1451.000000 85.812502 
153.829493 258.000000 58.530370 
158.573765 1717.000000 81.830265 
78.275587 1292.000000 52.086208 
182.968015 15.000000 55.345620 
97.567631 1069.000000 118.428814 
107.750663 1040.000000 87.313273 
87.068402 1004.000000 70.519501 
161.906821 68.000000 49.185726 
99.661004 1590.000000 145.874582 
137.292567 846.000000 40.677778 
115.051133 472.000000 90.879123 
79.086303 1210.000000 69.484589 
77.486648 871.000000 52.881135 
199.586352 20.000000 51.907856 
106.717186 938.000000 101.320278 
