11.135529 344.000000 71.899758 
8.944272 93.000000 42.414229 
11.575837 353.000000 66.884553 
8.124038 69.000000 25.742036 
12.884099 792.000000 92.107230 
8.000000 225.000000 91.515133 
9.746794 41.000000 25.363035 
9.380832 73.000000 27.081806 
8.944272 66.000000 31.496559 
9.539392 61.000000 30.898912 
9.165151 77.000000 38.396647 
11.575837 895.000000 110.520154 
9.797959 153.000000 42.386617 
10.148892 31.000000 10.079606 
9.380832 42.000000 29.238519 
11.704700 373.000000 51.095066 
9.433981 44.000000 27.698188 
9.165151 27.000000 19.399320 
8.485281 65.000000 29.558261 
11.135529 31.000000 10.924217 
10.488088 79.000000 36.154262 
9.643651 40.000000 20.617028 
9.486833 205.000000 60.104745 
7.549834 101.000000 56.934958 
11.180340 90.000000 33.533863 
11.401754 161.000000 42.514386 
8.544004 298.000000 126.748680 
6.928203 350.000000 143.686535 
6.708204 282.000000 136.860049 
5.656854 157.000000 121.725525 
9.797959 56.000000 19.904219 
12.529964 407.000000 83.313770 
9.643651 45.000000 18.337139 
10.488088 104.000000 45.866282 
9.273618 117.000000 47.721919 
9.273618 38.000000 13.788658 
10.535654 40.000000 14.701160 
10.148892 52.000000 24.422378 
11.180340 607.000000 67.566213 
9.219544 52.000000 40.888841 
8.774964 56.000000 32.344432 
9.055385 94.000000 32.789637 
13.190906 1018.000000 107.855496 
10.148892 31.000000 8.429315 
12.767145 896.000000 103.819479 
7.810250 350.000000 107.205172 
11.357817 461.000000 119.187543 
9.949874 47.000000 24.892679 
8.185353 203.000000 108.293622 
12.489996 578.000000 88.216499 
9.219544 70.000000 40.663266 
9.219544 155.000000 54.191157 
9.746794 55.000000 21.887268 
9.486833 222.000000 71.076089 
8.831761 350.000000 105.519682 
9.273618 91.000000 37.491351 
9.643651 401.000000 113.242200 
8.831761 160.000000 63.250881 
13.000000 604.000000 77.013103 
9.695360 113.000000 44.277012 
8.246211 525.000000 136.542135 
9.486833 183.000000 80.315124 
10.344080 38.000000 14.098025 
9.486833 72.000000 25.675785 
8.544004 486.000000 146.953411 
10.583005 626.000000 136.642493 
10.246951 101.000000 49.259740 
10.198039 762.000000 125.668661 
8.544004 27.000000 24.081666 
8.660254 65.000000 36.839027 
10.148892 44.000000 11.760328 
8.660254 348.000000 133.507516 
8.306624 620.000000 149.473549 
9.327379 66.000000 58.371652 
9.273618 51.000000 21.243554 
10.295630 40.000000 5.485255 
9.848858 337.000000 77.603420 
9.848858 273.000000 100.251245 
11.532563 462.000000 85.431089 
10.392305 197.000000 52.025116 
11.045361 193.000000 55.346298 
10.295630 220.000000 63.167785 
11.224972 238.000000 81.854912 
11.269428 55.000000 9.179863 
9.380832 175.000000 55.885100 
10.148892 199.000000 79.807789 
10.000000 48.000000 8.191123 
8.485281 72.000000 41.215673 
11.532563 933.000000 136.962229 
12.529964 765.000000 77.629495 
11.090537 261.000000 56.181844 
9.848858 403.000000 103.393763 
8.485281 74.000000 27.419652 
9.797959 729.000000 125.616769 
7.000000 423.000000 168.247576 
11.958261 693.000000 91.795004 
9.486833 50.000000 16.104604 
12.328828 191.000000 46.076000 
11.180340 147.000000 54.144636 
9.746794 170.000000 52.503471 
9.949874 230.000000 66.915906 
10.148892 141.000000 67.329128 
9.000000 321.000000 111.987122 
12.041595 392.000000 74.029749 
9.110434 59.000000 24.026057 
9.380832 59.000000 20.634874 
11.618950 145.000000 42.067201 
12.529964 1551.000000 152.949206 
7.937254 259.000000 88.569062 
8.485281 62.000000 33.214430 
12.165525 658.000000 77.128214 
8.426150 104.000000 48.833186 
8.717798 67.000000 29.744938 
8.831761 60.000000 32.902654 
11.789826 572.000000 88.974035 
8.888194 202.000000 71.176154 
10.583005 203.000000 55.927564 
8.306624 49.000000 21.177115 
13.564660 1081.000000 115.478397 
12.727922 440.000000 51.587707 
7.937254 59.000000 37.800263 
10.440307 338.000000 58.682416 
8.426150 32.000000 14.240098 
9.055385 43.000000 15.663498 
10.198039 89.000000 45.631483 
7.615773 318.000000 119.269435 
10.246951 940.000000 157.716687 
8.944272 85.000000 28.470367 
10.862780 243.000000 72.822000 
11.180340 68.000000 12.727899 
9.219544 358.000000 97.457983 
10.770330 282.000000 42.958142 
11.135529 54.000000 20.443294 
10.908712 309.000000 53.603514 
8.831761 446.000000 121.036552 
7.549834 226.000000 129.416624 
8.888194 40.000000 20.618699 
9.539392 231.000000 99.965279 
11.313708 694.000000 80.293318 
8.426150 129.000000 49.954232 
7.280110 218.000000 101.885779 
10.583005 106.000000 35.253832 
9.486833 24.000000 20.268939 
9.643651 466.000000 88.340582 
10.630146 947.000000 136.616261 
11.045361 33.000000 17.024622 
10.392305 649.000000 120.633566 
9.591663 40.000000 26.973498 
8.717798 283.000000 90.319257 
7.810250 366.000000 146.420490 
9.165151 591.000000 158.544427 
10.295630 55.000000 18.825880 
8.888194 65.000000 35.228339 
10.954451 191.000000 57.207591 
11.135529 173.000000 32.141579 
9.165151 285.000000 128.766741 
10.583005 294.000000 67.942685 
9.591663 33.000000 6.332042 
12.649111 1047.000000 112.527721 
11.489125 556.000000 96.595609 
9.486833 33.000000 5.624922 
11.135529 758.000000 116.464130 
11.618950 617.000000 113.310476 
9.327379 91.000000 39.296534 
7.000000 446.000000 151.911125 
9.949874 142.000000 68.965067 
10.000000 43.000000 14.615023 
9.949874 65.000000 19.255758 
10.630146 122.000000 29.798606 
11.000000 739.000000 93.523599 
11.747340 300.000000 42.373016 
11.832160 357.000000 64.013253 
6.928203 221.000000 138.664302 
10.908712 29.000000 15.208575 
7.874008 31.000000 16.979765 
10.770330 62.000000 10.912734 
10.488088 389.000000 76.425340 
14.071247 1423.000000 125.977890 
11.489125 627.000000 82.762239 
7.745967 294.000000 126.251055 
9.643651 87.000000 32.056431 
6.480741 235.000000 120.815352 
9.643651 235.000000 94.854034 
9.000000 118.000000 67.129228 
8.717798 281.000000 84.627443 
8.717798 63.000000 45.733717 
8.426150 20.000000 21.937505 
9.695360 50.000000 33.014444 
8.717798 34.000000 25.157967 
8.888194 40.000000 25.947407 
10.049876 87.000000 30.900952 
6.557439 349.000000 131.798398 
10.908712 219.000000 37.971316 
10.770330 363.000000 60.811600 
9.797959 55.000000 27.019358 
8.660254 199.000000 93.526034 
9.219544 44.000000 14.739050 
8.306624 97.000000 49.627564 
9.643651 584.000000 122.949965 
10.583005 523.000000 91.142005 
14.317821 993.000000 105.523414 
11.135529 414.000000 72.287338 
9.486833 33.000000 19.629535 
8.774964 119.000000 65.831355 
9.327379 143.000000 47.889737 
9.899495 319.000000 72.292136 
11.445523 542.000000 55.769953 
11.090537 1014.000000 113.007517 
9.219544 39.000000 24.942256 
7.549834 73.000000 42.081418 
9.746794 127.000000 55.869350 
11.135529 748.000000 104.645248 
11.269428 753.000000 112.212218 
9.219544 568.000000 129.991016 
9.219544 56.000000 35.914242 
12.409674 855.000000 122.520981 
9.219544 444.000000 109.127086 
8.944272 120.000000 66.998630 
10.677078 742.000000 105.139485 
12.529964 903.000000 109.851213 
11.661904 58.000000 2.527498 
10.535654 677.000000 100.698679 
11.747340 750.000000 117.263187 
10.535654 74.000000 23.363181 
9.273618 253.000000 69.647790 
9.643651 113.000000 38.794703 
10.535654 97.000000 32.827328 
10.954451 630.000000 128.387630 
